#Grid_ID FIELDID RA_center DEC_center RA_high1 DEC_high1 RA_high2 DEC_high2 RA_low1 DEC_low1 RA_low2 DEC_low2
G0008 04991755   49.92  -75.50   22.39  -63.00   77.46  -63.00   51.75  -88.00   48.10  -88.00 
G0008 14971755  149.77  -75.50  122.24  -63.00  177.31  -63.00  151.60  -88.00  147.94  -88.00 
G0008 24961755  249.62  -75.50  222.09  -63.00  277.15  -63.00  251.45  -88.00  247.79  -88.00 
G0008 01961505   19.65  -50.50    3.79  -38.00   35.51  -38.00  352.12  -63.00   47.19  -63.00 
G0008 05891505   58.96  -50.50   43.09  -38.00   74.82  -38.00   31.42  -63.00   86.49  -63.00 
G0008 09821505   98.26  -50.50   82.40  -38.00  114.12  -38.00   70.72  -63.00  125.79  -63.00 
G0008 13751505  137.56  -50.50  121.70  -38.00  153.42  -38.00  110.03  -63.00  165.10  -63.00 
G0008 17681505  176.87  -50.50  161.00  -38.00  192.73  -38.00  149.33  -63.00  204.40  -63.00 
G0008 21611505  216.17  -50.50  200.31  -38.00  232.03  -38.00  188.63  -63.00  243.70  -63.00 
G0008 25541505  255.47  -50.50  239.61  -38.00  271.33  -38.00  227.94  -63.00  283.01  -63.00 
G0008 29471505  294.78  -50.50  278.91  -38.00  310.64  -38.00  267.24  -63.00  322.31  -63.00 
G0008 33401505  334.08  -50.50  318.22  -38.00  349.94  -38.00  306.54  -63.00    1.61  -63.00 
G0008 01381255   13.85  -25.50    1.02  -13.00   26.68  -13.00  357.99  -38.00   29.71  -38.00 
G0008 04151255   41.55  -25.50   28.72  -13.00   54.38  -13.00   25.68  -38.00   57.41  -38.00 
G0008 06921255   69.25  -25.50   56.42  -13.00   82.07  -13.00   53.38  -38.00   85.11  -38.00 
G0008 09691255   96.94  -25.50   84.11  -13.00  109.77  -13.00   81.08  -38.00  112.81  -38.00 
G0008 12461255  124.64  -25.50  111.81  -13.00  137.47  -13.00  108.78  -38.00  140.50  -38.00 
G0008 15231255  152.34  -25.50  139.51  -13.00  165.17  -13.00  136.48  -38.00  168.20  -38.00 
G0008 18001255  180.04  -25.50  167.21  -13.00  192.87  -13.00  164.18  -38.00  195.90  -38.00 
G0008 20771255  207.74  -25.50  194.91  -13.00  220.57  -13.00  191.87  -38.00  223.60  -38.00 
G0008 23541255  235.43  -25.50  222.61  -13.00  248.26  -13.00  219.57  -38.00  251.30  -38.00 
G0008 26311255  263.13  -25.50  250.30  -13.00  275.96  -13.00  247.27  -38.00  279.00  -38.00 
G0008 29081255  290.83  -25.50  278.00  -13.00  303.66  -13.00  274.97  -38.00  306.69  -38.00 
G0008 31851255  318.53  -25.50  305.70  -13.00  331.36  -13.00  302.67  -38.00  334.39  -38.00 
G0008 01251005   12.50   -0.50  359.72   12.00   25.28   12.00  359.67  -13.00   25.33  -13.00 
G0008 03751005   37.50   -0.50   24.72   12.00   50.28   12.00   24.67  -13.00   50.33  -13.00 
G0008 06251005   62.50   -0.50   49.72   12.00   75.28   12.00   49.67  -13.00   75.33  -13.00 
G0008 08751005   87.50   -0.50   74.72   12.00  100.28   12.00   74.67  -13.00  100.33  -13.00 
G0008 11251005  112.50   -0.50   99.73   12.00  125.28   12.00   99.68  -13.00  125.33  -13.00 
G0008 13751005  137.51   -0.50  124.73   12.00  150.28   12.00  124.68  -13.00  150.33  -13.00 
G0008 16251005  162.51   -0.50  149.73   12.00  175.29   12.00  149.68  -13.00  175.33  -13.00 
G0008 18751005  187.51   -0.50  174.73   12.00  200.29   12.00  174.68  -13.00  200.34  -13.00 
G0008 21251005  212.51   -0.50  199.73   12.00  225.29   12.00  199.68  -13.00  225.34  -13.00 
G0008 23751005  237.51   -0.50  224.73   12.00  250.29   12.00  224.68  -13.00  250.34  -13.00 
G0008 26251005  262.51   -0.50  249.73   12.00  275.29   12.00  249.68  -13.00  275.34  -13.00 
G0008 28751005  287.51   -0.50  274.73   12.00  300.29   12.00  274.68  -13.00  300.34  -13.00 
G0008 31251005  312.51   -0.50  299.73   12.00  325.29   12.00  299.68  -13.00  325.34  -13.00 
G0008 33751005  337.51   -0.50  324.73   12.00  350.29   12.00  324.68  -13.00  350.34  -13.00 
G0008 01370245   13.74   24.50  358.09   37.00   29.39   37.00    0.96   12.00   26.52   12.00 
G0008 04120245   41.21   24.50   25.56   37.00   56.86   37.00   28.43   12.00   53.99   12.00 
G0008 06860245   68.68   24.50   53.03   37.00   84.34   37.00   55.90   12.00   81.46   12.00 
G0008 09610245   96.16   24.50   80.51   37.00  111.81   37.00   83.38   12.00  108.94   12.00 
G0008 12360245  123.63   24.50  107.98   37.00  139.28   37.00  110.85   12.00  136.41   12.00 
G0008 15110245  151.11   24.50  135.45   37.00  166.76   37.00  138.33   12.00  163.88   12.00 
G0008 17850245  178.58   24.50  162.93   37.00  194.23   37.00  165.80   12.00  191.36   12.00 
G0008 20600245  206.05   24.50  190.40   37.00  221.70   37.00  193.27   12.00  218.83   12.00 
G0008 23350245  233.53   24.50  217.87   37.00  249.18   37.00  220.75   12.00  246.31   12.00 
G0008 26100245  261.00   24.50  245.35   37.00  276.65   37.00  248.22   12.00  273.78   12.00 
G0008 28840245  288.47   24.50  272.82   37.00  304.13   37.00  275.69   12.00  301.25   12.00 
G0008 31590245  315.95   24.50  300.30   37.00  331.60   37.00  303.17   12.00  328.73   12.00 
G0008 34340245  343.42   24.50  327.77   37.00  359.07   37.00  330.64   12.00  356.20   12.00 
G0008 01920495   19.25   49.50  352.62   62.00   45.87   62.00    3.60   37.00   34.90   37.00 
G0008 05770495   57.74   49.50   31.12   62.00   84.37   62.00   42.09   37.00   73.39   37.00 
G0008 09620495   96.24   49.50   69.61   62.00  122.86   62.00   80.58   37.00  111.89   37.00 
G0008 13470495  134.73   49.50  108.10   62.00  161.36   62.00  119.08   37.00  150.38   37.00 
G0008 17320495  173.22   49.50  146.60   62.00  199.85   62.00  157.57   37.00  188.88   37.00 
G0008 21170495  211.72   49.50  185.09   62.00  238.34   62.00  196.07   37.00  227.37   37.00 
G0008 25020495  250.21   49.50  223.59   62.00  276.84   62.00  234.56   37.00  265.86   37.00 
G0008 28870495  288.71   49.50  262.08   62.00  315.33   62.00  273.05   37.00  304.36   37.00 
G0008 32720495  327.20   49.50  300.58   62.00  353.83   62.00  311.55   37.00  342.85   37.00 
G0008 04670745   46.77   74.50  167.93   87.00  285.62   87.00   20.15   62.00   73.40   62.00 
G0008 14030745  140.32   74.50  261.48   87.00   19.17   87.00  113.70   62.00  166.95   62.00 
G0008 23380745  233.87   74.50  355.03   87.00  112.71   87.00  207.25   62.00  260.50   62.00 
