#Grid_ID FIELDID RA_center DEC_center RA_high1 DEC_high1 RA_high2 DEC_high2 RA_low1 DEC_low1 RA_low2 DEC_low2
G0011 03131817   31.36  -81.75   10.97  -77.25   51.75  -77.25  322.56  -86.25  100.16  -86.25 
G0011 09401817   94.08  -81.75   73.69  -77.25  114.47  -77.25   25.28  -86.25  162.89  -86.25 
G0011 15681817  156.80  -81.75  136.41  -77.25  177.19  -77.25   88.00  -86.25  225.61  -86.25 
G0011 21951817  219.52  -81.75  199.13  -77.25  239.91  -77.25  150.72  -86.25  288.33  -86.25 
G0011 28221817  282.24  -81.75  261.85  -77.25  302.63  -77.25  213.44  -86.25  351.05  -86.25 
G0011 01511727   15.17  -72.75    3.03  -68.25   27.32  -68.25  354.79  -77.25   35.56  -77.25 
G0011 04551727   45.52  -72.75   33.38  -68.25   57.67  -68.25   25.13  -77.25   65.91  -77.25 
G0011 07581727   75.87  -72.75   63.73  -68.25   88.02  -68.25   55.48  -77.25   96.26  -77.25 
G0011 10621727  106.22  -72.75   94.08  -68.25  118.37  -68.25   85.83  -77.25  126.61  -77.25 
G0011 13651727  136.57  -72.75  124.43  -68.25  148.72  -68.25  116.18  -77.25  156.96  -77.25 
G0011 16691727  166.92  -72.75  154.78  -68.25  179.07  -68.25  146.53  -77.25  187.31  -77.25 
G0011 19721727  197.27  -72.75  185.13  -68.25  209.42  -68.25  176.88  -77.25  217.66  -77.25 
G0011 22761727  227.62  -72.75  215.48  -68.25  239.77  -68.25  207.23  -77.25  248.01  -77.25 
G0011 25791727  257.97  -72.75  245.83  -68.25  270.12  -68.25  237.58  -77.25  278.36  -77.25 
G0011 28831727  288.32  -72.75  276.18  -68.25  300.47  -68.25  267.93  -77.25  308.71  -77.25 
G0011 31861727  318.67  -72.75  306.53  -68.25  330.82  -68.25  298.28  -77.25  339.06  -77.25 
G0011 01011637   10.17  -63.75    1.37  -59.25   18.98  -59.25  358.03  -68.25   22.32  -68.25 
G0011 03051637   30.52  -63.75   21.72  -59.25   39.32  -59.25   18.38  -68.25   42.67  -68.25 
G0011 05081637   50.87  -63.75   42.07  -59.25   59.67  -59.25   38.73  -68.25   63.02  -68.25 
G0011 07121637   71.22  -63.75   62.42  -59.25   80.02  -59.25   59.08  -68.25   83.36  -68.25 
G0011 09151637   91.57  -63.75   82.77  -59.25  100.37  -59.25   79.43  -68.25  103.71  -68.25 
G0011 11191637  111.92  -63.75  103.12  -59.25  120.72  -59.25   99.77  -68.25  124.06  -68.25 
G0011 13221637  132.27  -63.75  123.47  -59.25  141.07  -59.25  120.12  -68.25  144.41  -68.25 
G0011 15261637  152.62  -63.75  143.81  -59.25  161.42  -59.25  140.47  -68.25  164.76  -68.25 
G0011 17291637  172.96  -63.75  164.16  -59.25  181.77  -59.25  160.82  -68.25  185.11  -68.25 
G0011 19331637  193.31  -63.75  184.51  -59.25  202.11  -59.25  181.17  -68.25  205.46  -68.25 
G0011 21361637  213.66  -63.75  204.86  -59.25  222.46  -59.25  201.52  -68.25  225.81  -68.25 
G0011 23401637  234.01  -63.75  225.21  -59.25  242.81  -59.25  221.87  -68.25  246.15  -68.25 
G0011 25431637  254.36  -63.75  245.56  -59.25  263.16  -59.25  242.21  -68.25  266.50  -68.25 
G0011 27471637  274.71  -63.75  265.91  -59.25  283.51  -59.25  262.56  -68.25  286.85  -68.25 
G0011 29501637  295.06  -63.75  286.25  -59.25  303.86  -59.25  282.91  -68.25  307.20  -68.25 
G0011 31541637  315.40  -63.75  306.60  -59.25  324.21  -59.25  303.26  -68.25  327.55  -68.25 
G0011 33571637  335.75  -63.75  326.95  -59.25  344.55  -59.25  323.61  -68.25  347.90  -68.25 
G0011 00771547    7.80  -54.75    0.76  -50.25   14.83  -50.25  359.00  -59.25   16.60  -59.25 
G0011 02331547   23.39  -54.75   16.35  -50.25   30.43  -50.25   14.59  -59.25   32.19  -59.25 
G0011 03891547   38.98  -54.75   31.95  -50.25   46.02  -50.25   30.18  -59.25   47.79  -59.25 
G0011 05451547   54.58  -54.75   47.54  -50.25   61.62  -50.25   45.78  -59.25   63.38  -59.25 
G0011 07011547   70.17  -54.75   63.14  -50.25   77.21  -50.25   61.37  -59.25   78.97  -59.25 
G0011 08571547   85.77  -54.75   78.73  -50.25   92.80  -50.25   76.97  -59.25   94.57  -59.25 
G0011 10131547  101.36  -54.75   94.32  -50.25  108.40  -50.25   92.56  -59.25  110.16  -59.25 
G0011 11691547  116.95  -54.75  109.92  -50.25  123.99  -50.25  108.15  -59.25  125.76  -59.25 
G0011 13251547  132.55  -54.75  125.51  -50.25  139.59  -50.25  123.75  -59.25  141.35  -59.25 
G0011 14811547  148.14  -54.75  141.11  -50.25  155.18  -50.25  139.34  -59.25  156.94  -59.25 
G0011 16371547  163.74  -54.75  156.70  -50.25  170.77  -50.25  154.94  -59.25  172.54  -59.25 
G0011 17931547  179.33  -54.75  172.29  -50.25  186.37  -50.25  170.53  -59.25  188.13  -59.25 
G0011 19491547  194.92  -54.75  187.89  -50.25  201.96  -50.25  186.12  -59.25  203.73  -59.25 
G0011 21051547  210.52  -54.75  203.48  -50.25  217.56  -50.25  201.72  -59.25  219.32  -59.25 
G0011 22611547  226.11  -54.75  219.08  -50.25  233.15  -50.25  217.31  -59.25  234.91  -59.25 
G0011 24171547  241.71  -54.75  234.67  -50.25  248.74  -50.25  232.91  -59.25  250.51  -59.25 
G0011 25731547  257.30  -54.75  250.26  -50.25  264.34  -50.25  248.50  -59.25  266.10  -59.25 
G0011 27281547  272.89  -54.75  265.86  -50.25  279.93  -50.25  264.09  -59.25  281.70  -59.25 
G0011 28841547  288.49  -54.75  281.45  -50.25  295.53  -50.25  279.69  -59.25  297.29  -59.25 
G0011 30401547  304.08  -54.75  297.05  -50.25  311.12  -50.25  295.28  -59.25  312.88  -59.25 
G0011 31961547  319.68  -54.75  312.64  -50.25  326.71  -50.25  310.88  -59.25  328.48  -59.25 
G0011 33521547  335.27  -54.75  328.23  -50.25  342.31  -50.25  326.47  -59.25  344.07  -59.25 
G0011 35081547  350.86  -54.75  343.83  -50.25  357.90  -50.25  342.06  -59.25  359.67  -59.25 
G0011 00641457    6.45  -45.75    0.46  -41.25   12.43  -41.25  359.41  -50.25   13.49  -50.25 
G0011 01931457   19.35  -45.75   13.36  -41.25   25.33  -41.25   12.31  -50.25   26.38  -50.25 
G0011 03221457   32.24  -45.75   26.26  -41.25   38.23  -41.25   25.21  -50.25   39.28  -50.25 
G0011 04511457   45.14  -45.75   39.16  -41.25   51.13  -41.25   38.11  -50.25   52.18  -50.25 
G0011 05801457   58.04  -45.75   52.06  -41.25   64.03  -41.25   51.00  -50.25   65.08  -50.25 
G0011 07091457   70.94  -45.75   64.95  -41.25   76.92  -41.25   63.90  -50.25   77.98  -50.25 
G0011 08381457   83.84  -45.75   77.85  -41.25   89.82  -41.25   76.80  -50.25   90.87  -50.25 
G0011 09671457   96.73  -45.75   90.75  -41.25  102.72  -41.25   89.70  -50.25  103.77  -50.25 
G0011 10961457  109.63  -45.75  103.65  -41.25  115.62  -41.25  102.59  -50.25  116.67  -50.25 
G0011 12251457  122.53  -45.75  116.54  -41.25  128.51  -41.25  115.49  -50.25  129.57  -50.25 
G0011 13541457  135.43  -45.75  129.44  -41.25  141.41  -41.25  128.39  -50.25  142.46  -50.25 
G0011 14831457  148.33  -45.75  142.34  -41.25  154.31  -41.25  141.29  -50.25  155.36  -50.25 
G0011 16121457  161.22  -45.75  155.24  -41.25  167.21  -41.25  154.19  -50.25  168.26  -50.25 
G0011 17411457  174.12  -45.75  168.14  -41.25  180.11  -41.25  167.08  -50.25  181.16  -50.25 
G0011 18701457  187.02  -45.75  181.03  -41.25  193.00  -41.25  179.98  -50.25  194.06  -50.25 
G0011 19991457  199.92  -45.75  193.93  -41.25  205.90  -41.25  192.88  -50.25  206.95  -50.25 
G0011 21281457  212.81  -45.75  206.83  -41.25  218.80  -41.25  205.78  -50.25  219.85  -50.25 
G0011 22571457  225.71  -45.75  219.73  -41.25  231.70  -41.25  218.68  -50.25  232.75  -50.25 
G0011 23861457  238.61  -45.75  232.62  -41.25  244.60  -41.25  231.57  -50.25  245.65  -50.25 
G0011 25151457  251.51  -45.75  245.52  -41.25  257.49  -41.25  244.47  -50.25  258.55  -50.25 
G0011 26441457  264.41  -45.75  258.42  -41.25  270.39  -41.25  257.37  -50.25  271.44  -50.25 
G0011 27731457  277.30  -45.75  271.32  -41.25  283.29  -41.25  270.27  -50.25  284.34  -50.25 
G0011 29021457  290.20  -45.75  284.22  -41.25  296.19  -41.25  283.16  -50.25  297.24  -50.25 
G0011 30301457  303.10  -45.75  297.11  -41.25  309.08  -41.25  296.06  -50.25  310.14  -50.25 
G0011 31591457  316.00  -45.75  310.01  -41.25  321.98  -41.25  308.96  -50.25  323.03  -50.25 
G0011 32881457  328.90  -45.75  322.91  -41.25  334.88  -41.25  321.86  -50.25  335.93  -50.25 
G0011 34171457  341.79  -45.75  335.81  -41.25  347.78  -41.25  334.76  -50.25  348.83  -50.25 
G0011 00561367    5.62  -36.75    0.30  -32.25   10.94  -32.25  359.63  -41.25   11.60  -41.25 
G0011 01681367   16.85  -36.75   11.53  -32.25   22.17  -32.25   10.86  -41.25   22.83  -41.25 
G0011 02801367   28.08  -36.75   22.76  -32.25   33.40  -32.25   22.10  -41.25   34.07  -41.25 
G0011 03931367   39.31  -36.75   33.99  -32.25   44.63  -32.25   33.33  -41.25   45.30  -41.25 
G0011 05051367   50.55  -36.75   45.22  -32.25   55.87  -32.25   44.56  -41.25   56.53  -41.25 
G0011 06171367   61.78  -36.75   56.46  -32.25   67.10  -32.25   55.79  -41.25   67.76  -41.25 
G0011 07301367   73.01  -36.75   67.69  -32.25   78.33  -32.25   67.03  -41.25   79.00  -41.25 
G0011 08421367   84.24  -36.75   78.92  -32.25   89.56  -32.25   78.26  -41.25   90.23  -41.25 
G0011 09541367   95.48  -36.75   90.15  -32.25  100.80  -32.25   89.49  -41.25  101.46  -41.25 
G0011 10671367  106.71  -36.75  101.39  -32.25  112.03  -32.25  100.72  -41.25  112.69  -41.25 
G0011 11791367  117.94  -36.75  112.62  -32.25  123.26  -32.25  111.95  -41.25  123.93  -41.25 
G0011 12911367  129.17  -36.75  123.85  -32.25  134.49  -32.25  123.19  -41.25  135.16  -41.25 
G0011 14041367  140.40  -36.75  135.08  -32.25  145.73  -32.25  134.42  -41.25  146.39  -41.25 
G0011 15161367  151.64  -36.75  146.32  -32.25  156.96  -32.25  145.65  -41.25  157.62  -41.25 
G0011 16281367  162.87  -36.75  157.55  -32.25  168.19  -32.25  156.88  -41.25  168.86  -41.25 
G0011 17411367  174.10  -36.75  168.78  -32.25  179.42  -32.25  168.12  -41.25  180.09  -41.25 
G0011 18531367  185.33  -36.75  180.01  -32.25  190.66  -32.25  179.35  -41.25  191.32  -41.25 
G0011 19651367  196.57  -36.75  191.25  -32.25  201.89  -32.25  190.58  -41.25  202.55  -41.25 
G0011 20771367  207.80  -36.75  202.48  -32.25  213.12  -32.25  201.81  -41.25  213.78  -41.25 
G0011 21901367  219.03  -36.75  213.71  -32.25  224.35  -32.25  213.05  -41.25  225.02  -41.25 
G0011 23021367  230.26  -36.75  224.94  -32.25  235.58  -32.25  224.28  -41.25  236.25  -41.25 
G0011 24141367  241.50  -36.75  236.18  -32.25  246.82  -32.25  235.51  -41.25  247.48  -41.25 
G0011 25271367  252.73  -36.75  247.41  -32.25  258.05  -32.25  246.74  -41.25  258.71  -41.25 
G0011 26391367  263.96  -36.75  258.64  -32.25  269.28  -32.25  257.98  -41.25  269.95  -41.25 
G0011 27511367  275.19  -36.75  269.87  -32.25  280.51  -32.25  269.21  -41.25  281.18  -41.25 
G0011 28641367  286.43  -36.75  281.11  -32.25  291.75  -32.25  280.44  -41.25  292.41  -41.25 
G0011 29761367  297.66  -36.75  292.34  -32.25  302.98  -32.25  291.67  -41.25  303.64  -41.25 
G0011 30881367  308.89  -36.75  303.57  -32.25  314.21  -32.25  302.91  -41.25  314.88  -41.25 
G0011 32011367  320.12  -36.75  314.80  -32.25  325.44  -32.25  314.14  -41.25  326.11  -41.25 
G0011 33131367  331.36  -36.75  326.03  -32.25  336.68  -32.25  325.37  -41.25  337.34  -41.25 
G0011 34251367  342.59  -36.75  337.27  -32.25  347.91  -32.25  336.60  -41.25  348.57  -41.25 
G0011 35381367  353.82  -36.75  348.50  -32.25  359.14  -32.25  347.84  -41.25  359.81  -41.25 
G0011 00501277    5.08  -27.75    0.19  -23.25    9.98  -23.25  359.76  -32.25   10.41  -32.25 
G0011 01521277   15.25  -27.75   10.36  -23.25   20.15  -23.25    9.93  -32.25   20.58  -32.25 
G0011 02541277   25.42  -27.75   20.53  -23.25   30.32  -23.25   20.10  -32.25   30.74  -32.25 
G0011 03551277   35.59  -27.75   30.70  -23.25   40.49  -23.25   30.27  -32.25   40.91  -32.25 
G0011 04571277   45.76  -27.75   40.87  -23.25   50.66  -23.25   40.44  -32.25   51.08  -32.25 
G0011 05591277   55.93  -27.75   51.04  -23.25   60.83  -23.25   50.61  -32.25   61.25  -32.25 
G0011 06611277   66.10  -27.75   61.20  -23.25   71.00  -23.25   60.78  -32.25   71.42  -32.25 
G0011 07621277   76.27  -27.75   71.37  -23.25   81.17  -23.25   70.95  -32.25   81.59  -32.25 
G0011 08641277   86.44  -27.75   81.54  -23.25   91.34  -23.25   81.12  -32.25   91.76  -32.25 
G0011 09661277   96.61  -27.75   91.71  -23.25  101.51  -23.25   91.29  -32.25  101.93  -32.25 
G0011 10671277  106.78  -27.75  101.88  -23.25  111.68  -23.25  101.46  -32.25  112.10  -32.25 
G0011 11691277  116.95  -27.75  112.05  -23.25  121.85  -23.25  111.63  -32.25  122.27  -32.25 
G0011 12711277  127.12  -27.75  122.22  -23.25  132.02  -23.25  121.80  -32.25  132.44  -32.25 
G0011 13721277  137.29  -27.75  132.39  -23.25  142.19  -23.25  131.97  -32.25  142.61  -32.25 
G0011 14741277  147.46  -27.75  142.56  -23.25  152.36  -23.25  142.14  -32.25  152.78  -32.25 
G0011 15761277  157.63  -27.75  152.73  -23.25  162.53  -23.25  152.31  -32.25  162.95  -32.25 
G0011 16771277  167.80  -27.75  162.90  -23.25  172.70  -23.25  162.48  -32.25  173.12  -32.25 
G0011 17791277  177.97  -27.75  173.07  -23.25  182.87  -23.25  172.65  -32.25  183.29  -32.25 
G0011 18811277  188.14  -27.75  183.24  -23.25  193.04  -23.25  182.82  -32.25  193.46  -32.25 
G0011 19831277  198.31  -27.75  193.41  -23.25  203.21  -23.25  192.99  -32.25  203.63  -32.25 
G0011 20841277  208.48  -27.75  203.58  -23.25  213.38  -23.25  203.16  -32.25  213.80  -32.25 
G0011 21861277  218.65  -27.75  213.75  -23.25  223.54  -23.25  213.33  -32.25  223.97  -32.25 
G0011 22881277  228.82  -27.75  223.92  -23.25  233.71  -23.25  223.50  -32.25  234.14  -32.25 
G0011 23891277  238.99  -27.75  234.09  -23.25  243.88  -23.25  233.67  -32.25  244.31  -32.25 
G0011 24911277  249.16  -27.75  244.26  -23.25  254.05  -23.25  243.84  -32.25  254.48  -32.25 
G0011 25931277  259.33  -27.75  254.43  -23.25  264.22  -23.25  254.00  -32.25  264.65  -32.25 
G0011 26941277  269.50  -27.75  264.60  -23.25  274.39  -23.25  264.17  -32.25  274.82  -32.25 
G0011 27961277  279.66  -27.75  274.77  -23.25  284.56  -23.25  274.34  -32.25  284.99  -32.25 
G0011 28981277  289.83  -27.75  284.94  -23.25  294.73  -23.25  284.51  -32.25  295.16  -32.25 
G0011 30001277  300.00  -27.75  295.11  -23.25  304.90  -23.25  294.68  -32.25  305.33  -32.25 
G0011 31011277  310.17  -27.75  305.28  -23.25  315.07  -23.25  304.85  -32.25  315.49  -32.25 
G0011 32031277  320.34  -27.75  315.45  -23.25  325.24  -23.25  315.02  -32.25  325.66  -32.25 
G0011 33051277  330.51  -27.75  325.62  -23.25  335.41  -23.25  325.19  -32.25  335.83  -32.25 
G0011 34061277  340.68  -27.75  335.78  -23.25  345.58  -23.25  335.36  -32.25  346.00  -32.25 
G0011 35081277  350.85  -27.75  345.95  -23.25  355.75  -23.25  345.53  -32.25  356.17  -32.25 
G0011 00471187    4.75  -18.75    0.11  -14.25    9.40  -14.25  359.85  -23.25    9.65  -23.25 
G0011 01421187   14.26  -18.75    9.61  -14.25   18.90  -14.25    9.36  -23.25   19.15  -23.25 
G0011 02371187   23.76  -18.75   19.12  -14.25   28.40  -14.25   18.86  -23.25   28.66  -23.25 
G0011 03321187   33.27  -18.75   28.62  -14.25   37.91  -14.25   28.37  -23.25   38.16  -23.25 
G0011 04271187   42.77  -18.75   38.13  -14.25   47.41  -14.25   37.87  -23.25   47.67  -23.25 
G0011 05221187   52.27  -18.75   47.63  -14.25   56.92  -14.25   47.38  -23.25   57.17  -23.25 
G0011 06171187   61.78  -18.75   57.14  -14.25   66.42  -14.25   56.88  -23.25   66.68  -23.25 
G0011 07121187   71.28  -18.75   66.64  -14.25   75.93  -14.25   66.39  -23.25   76.18  -23.25 
G0011 08071187   80.79  -18.75   76.14  -14.25   85.43  -14.25   75.89  -23.25   85.69  -23.25 
G0011 09021187   90.29  -18.75   85.65  -14.25   94.93  -14.25   85.39  -23.25   95.19  -23.25 
G0011 09971187   99.80  -18.75   95.15  -14.25  104.44  -14.25   94.90  -23.25  104.69  -23.25 
G0011 10931187  109.30  -18.75  104.66  -14.25  113.94  -14.25  104.40  -23.25  114.20  -23.25 
G0011 11881187  118.80  -18.75  114.16  -14.25  123.45  -14.25  113.91  -23.25  123.70  -23.25 
G0011 12831187  128.31  -18.75  123.67  -14.25  132.95  -14.25  123.41  -23.25  133.21  -23.25 
G0011 13781187  137.81  -18.75  133.17  -14.25  142.46  -14.25  132.92  -23.25  142.71  -23.25 
G0011 14731187  147.32  -18.75  142.68  -14.25  151.96  -14.25  142.42  -23.25  152.22  -23.25 
G0011 15681187  156.82  -18.75  152.18  -14.25  161.47  -14.25  151.92  -23.25  161.72  -23.25 
G0011 16631187  166.33  -18.75  161.68  -14.25  170.97  -14.25  161.43  -23.25  171.22  -23.25 
G0011 17581187  175.83  -18.75  171.19  -14.25  180.47  -14.25  170.93  -23.25  180.73  -23.25 
G0011 18531187  185.34  -18.75  180.69  -14.25  189.98  -14.25  180.44  -23.25  190.23  -23.25 
G0011 19481187  194.84  -18.75  190.20  -14.25  199.48  -14.25  189.94  -23.25  199.74  -23.25 
G0011 20431187  204.34  -18.75  199.70  -14.25  208.99  -14.25  199.45  -23.25  209.24  -23.25 
G0011 21381187  213.85  -18.75  209.21  -14.25  218.49  -14.25  208.95  -23.25  218.75  -23.25 
G0011 22331187  223.35  -18.75  218.71  -14.25  228.00  -14.25  218.46  -23.25  228.25  -23.25 
G0011 23281187  232.86  -18.75  228.21  -14.25  237.50  -14.25  227.96  -23.25  237.76  -23.25 
G0011 24231187  242.36  -18.75  237.72  -14.25  247.00  -14.25  237.46  -23.25  247.26  -23.25 
G0011 25181187  251.87  -18.75  247.22  -14.25  256.51  -14.25  246.97  -23.25  256.76  -23.25 
G0011 26131187  261.37  -18.75  256.73  -14.25  266.01  -14.25  256.47  -23.25  266.27  -23.25 
G0011 27081187  270.88  -18.75  266.23  -14.25  275.52  -14.25  265.98  -23.25  275.77  -23.25 
G0011 28031187  280.38  -18.75  275.74  -14.25  285.02  -14.25  275.48  -23.25  285.28  -23.25 
G0011 28981187  289.88  -18.75  285.24  -14.25  294.53  -14.25  284.99  -23.25  294.78  -23.25 
G0011 29931187  299.39  -18.75  294.75  -14.25  304.03  -14.25  294.49  -23.25  304.29  -23.25 
G0011 30881187  308.89  -18.75  304.25  -14.25  313.54  -14.25  304.00  -23.25  313.79  -23.25 
G0011 31831187  318.40  -18.75  313.75  -14.25  323.04  -14.25  313.50  -23.25  323.30  -23.25 
G0011 32791187  327.90  -18.75  323.26  -14.25  332.54  -14.25  323.00  -23.25  332.80  -23.25 
G0011 33741187  337.41  -18.75  332.76  -14.25  342.05  -14.25  332.51  -23.25  342.30  -23.25 
G0011 34691187  346.91  -18.75  342.27  -14.25  351.55  -14.25  342.01  -23.25  351.81  -23.25 
G0011 00451097    4.57   -9.75    0.05   -5.25    9.08   -5.25  359.92  -14.25    9.21  -14.25 
G0011 01361097   13.70   -9.75    9.18   -5.25   18.22   -5.25    9.05  -14.25   18.34  -14.25 
G0011 02281097   22.83   -9.75   18.31   -5.25   27.35   -5.25   18.19  -14.25   27.47  -14.25 
G0011 03191097   31.96   -9.75   27.44   -5.25   36.48   -5.25   27.32  -14.25   36.60  -14.25 
G0011 04101097   41.09   -9.75   36.57   -5.25   45.61   -5.25   36.45  -14.25   45.74  -14.25 
G0011 05021097   50.23   -9.75   45.71   -5.25   54.74   -5.25   45.58  -14.25   54.87  -14.25 
G0011 05931097   59.36   -9.75   54.84   -5.25   63.88   -5.25   54.71  -14.25   64.00  -14.25 
G0011 06841097   68.49   -9.75   63.97   -5.25   73.01   -5.25   63.85  -14.25   73.13  -14.25 
G0011 07761097   77.62   -9.75   73.10   -5.25   82.14   -5.25   72.98  -14.25   82.26  -14.25 
G0011 08671097   86.75   -9.75   82.23   -5.25   91.27   -5.25   82.11  -14.25   91.40  -14.25 
G0011 09581097   95.88   -9.75   91.37   -5.25  100.40   -5.25   91.24  -14.25  100.53  -14.25 
G0011 10501097  105.02   -9.75  100.50   -5.25  109.54   -5.25  100.37  -14.25  109.66  -14.25 
G0011 11411097  114.15   -9.75  109.63   -5.25  118.67   -5.25  109.51  -14.25  118.79  -14.25 
G0011 12321097  123.28   -9.75  118.76   -5.25  127.80   -5.25  118.64  -14.25  127.92  -14.25 
G0011 13241097  132.41   -9.75  127.89   -5.25  136.93   -5.25  127.77  -14.25  137.06  -14.25 
G0011 14151097  141.54   -9.75  137.03   -5.25  146.06   -5.25  136.90  -14.25  146.19  -14.25 
G0011 15061097  150.68   -9.75  146.16   -5.25  155.20   -5.25  146.03  -14.25  155.32  -14.25 
G0011 15981097  159.81   -9.75  155.29   -5.25  164.33   -5.25  155.17  -14.25  164.45  -14.25 
G0011 16891097  168.94   -9.75  164.42   -5.25  173.46   -5.25  164.30  -14.25  173.58  -14.25 
G0011 17801097  178.07   -9.75  173.55   -5.25  182.59   -5.25  173.43  -14.25  182.71  -14.25 
G0011 18721097  187.20   -9.75  182.69   -5.25  191.72   -5.25  182.56  -14.25  191.85  -14.25 
G0011 19631097  196.34   -9.75  191.82   -5.25  200.85   -5.25  191.69  -14.25  200.98  -14.25 
G0011 20541097  205.47   -9.75  200.95   -5.25  209.99   -5.25  200.82  -14.25  210.11  -14.25 
G0011 21451097  214.60   -9.75  210.08   -5.25  219.12   -5.25  209.96  -14.25  219.24  -14.25 
G0011 22371097  223.73   -9.75  219.21   -5.25  228.25   -5.25  219.09  -14.25  228.37  -14.25 
G0011 23281097  232.86   -9.75  228.34   -5.25  237.38   -5.25  228.22  -14.25  237.51  -14.25 
G0011 24191097  242.00   -9.75  237.48   -5.25  246.51   -5.25  237.35  -14.25  246.64  -14.25 
G0011 25111097  251.13   -9.75  246.61   -5.25  255.65   -5.25  246.48  -14.25  255.77  -14.25 
G0011 26021097  260.26   -9.75  255.74   -5.25  264.78   -5.25  255.62  -14.25  264.90  -14.25 
G0011 26931097  269.39   -9.75  264.87   -5.25  273.91   -5.25  264.75  -14.25  274.03  -14.25 
G0011 27851097  278.52   -9.75  274.00   -5.25  283.04   -5.25  273.88  -14.25  283.17  -14.25 
G0011 28761097  287.65   -9.75  283.14   -5.25  292.17   -5.25  283.01  -14.25  292.30  -14.25 
G0011 29671097  296.79   -9.75  292.27   -5.25  301.31   -5.25  292.14  -14.25  301.43  -14.25 
G0011 30591097  305.92   -9.75  301.40   -5.25  310.44   -5.25  301.28  -14.25  310.56  -14.25 
G0011 31501097  315.05   -9.75  310.53   -5.25  319.57   -5.25  310.41  -14.25  319.69  -14.25 
G0011 32411097  324.18   -9.75  319.66   -5.25  328.70   -5.25  319.54  -14.25  328.83  -14.25 
G0011 33331097  333.31   -9.75  328.80   -5.25  337.83   -5.25  328.67  -14.25  337.96  -14.25 
G0011 34241097  342.45   -9.75  337.93   -5.25  346.97   -5.25  337.80  -14.25  347.09  -14.25 
G0011 35151097  351.58   -9.75  347.06   -5.25  356.10   -5.25  346.94  -14.25  356.22  -14.25 
G0011 00451007    4.50   -0.75  359.99    3.75    9.01    3.75  359.98   -5.25    9.02   -5.25 
G0011 01351007   13.50   -0.75    8.99    3.75   18.01    3.75    8.98   -5.25   18.02   -5.25 
G0011 02251007   22.50   -0.75   17.99    3.75   27.01    3.75   17.98   -5.25   27.02   -5.25 
G0011 03151007   31.50   -0.75   26.99    3.75   36.01    3.75   26.98   -5.25   36.02   -5.25 
G0011 04051007   40.50   -0.75   35.99    3.75   45.01    3.75   35.98   -5.25   45.02   -5.25 
G0011 04951007   49.50   -0.75   44.99    3.75   54.01    3.75   44.99   -5.25   54.02   -5.25 
G0011 05851007   58.51   -0.75   54.00    3.75   63.01    3.75   53.99   -5.25   63.02   -5.25 
G0011 06751007   67.51   -0.75   63.00    3.75   72.02    3.75   62.99   -5.25   72.02   -5.25 
G0011 07651007   76.51   -0.75   72.00    3.75   81.02    3.75   71.99   -5.25   81.03   -5.25 
G0011 08551007   85.51   -0.75   81.00    3.75   90.02    3.75   80.99   -5.25   90.03   -5.25 
G0011 09451007   94.51   -0.75   90.00    3.75   99.02    3.75   89.99   -5.25   99.03   -5.25 
G0011 10351007  103.51   -0.75   99.00    3.75  108.02    3.75   98.99   -5.25  108.03   -5.25 
G0011 11251007  112.51   -0.75  108.00    3.75  117.02    3.75  107.99   -5.25  117.03   -5.25 
G0011 12151007  121.51   -0.75  117.00    3.75  126.02    3.75  116.99   -5.25  126.03   -5.25 
G0011 13051007  130.51   -0.75  126.00    3.75  135.02    3.75  125.99   -5.25  135.03   -5.25 
G0011 13951007  139.51   -0.75  135.00    3.75  144.02    3.75  134.99   -5.25  144.03   -5.25 
G0011 14851007  148.51   -0.75  144.00    3.75  153.02    3.75  143.99   -5.25  153.03   -5.25 
G0011 15751007  157.51   -0.75  153.00    3.75  162.02    3.75  152.99   -5.25  162.03   -5.25 
G0011 16651007  166.51   -0.75  162.00    3.75  171.02    3.75  162.00   -5.25  171.03   -5.25 
G0011 17551007  175.52   -0.75  171.01    3.75  180.02    3.75  171.00   -5.25  180.03   -5.25 
G0011 18451007  184.52   -0.75  180.01    3.75  189.03    3.75  180.00   -5.25  189.03   -5.25 
G0011 19351007  193.52   -0.75  189.01    3.75  198.03    3.75  189.00   -5.25  198.04   -5.25 
G0011 20251007  202.52   -0.75  198.01    3.75  207.03    3.75  198.00   -5.25  207.04   -5.25 
G0011 21151007  211.52   -0.75  207.01    3.75  216.03    3.75  207.00   -5.25  216.04   -5.25 
G0011 22051007  220.52   -0.75  216.01    3.75  225.03    3.75  216.00   -5.25  225.04   -5.25 
G0011 22951007  229.52   -0.75  225.01    3.75  234.03    3.75  225.00   -5.25  234.04   -5.25 
G0011 23851007  238.52   -0.75  234.01    3.75  243.03    3.75  234.00   -5.25  243.04   -5.25 
G0011 24751007  247.52   -0.75  243.01    3.75  252.03    3.75  243.00   -5.25  252.04   -5.25 
G0011 25651007  256.52   -0.75  252.01    3.75  261.03    3.75  252.00   -5.25  261.04   -5.25 
G0011 26551007  265.52   -0.75  261.01    3.75  270.03    3.75  261.00   -5.25  270.04   -5.25 
G0011 27451007  274.52   -0.75  270.01    3.75  279.03    3.75  270.00   -5.25  279.04   -5.25 
G0011 28351007  283.52   -0.75  279.01    3.75  288.03    3.75  279.01   -5.25  288.04   -5.25 
G0011 29251007  292.53   -0.75  288.02    3.75  297.03    3.75  288.01   -5.25  297.04   -5.25 
G0011 30151007  301.53   -0.75  297.02    3.75  306.04    3.75  297.01   -5.25  306.04   -5.25 
G0011 31051007  310.53   -0.75  306.02    3.75  315.04    3.75  306.01   -5.25  315.05   -5.25 
G0011 31951007  319.53   -0.75  315.02    3.75  324.04    3.75  315.01   -5.25  324.05   -5.25 
G0011 32851007  328.53   -0.75  324.02    3.75  333.04    3.75  324.01   -5.25  333.05   -5.25 
G0011 33751007  337.53   -0.75  333.02    3.75  342.04    3.75  333.01   -5.25  342.05   -5.25 
G0011 34651007  346.53   -0.75  342.02    3.75  351.04    3.75  342.01   -5.25  351.05   -5.25 
G0011 00450082    4.55    8.25  359.93   12.75    9.16   12.75    0.04    3.75    9.06    3.75 
G0011 01360082   13.64    8.25    9.03   12.75   18.25   12.75    9.13    3.75   18.15    3.75 
G0011 02270082   22.74    8.25   18.12   12.75   27.35   12.75   18.23    3.75   27.24    3.75 
G0011 03180082   31.83    8.25   27.22   12.75   36.44   12.75   27.32    3.75   36.34    3.75 
G0011 04090082   40.92    8.25   36.31   12.75   45.54   12.75   36.41    3.75   45.43    3.75 
G0011 05000082   50.02    8.25   45.40   12.75   54.63   12.75   45.51    3.75   54.53    3.75 
G0011 05910082   59.11    8.25   54.50   12.75   63.73   12.75   54.60    3.75   63.62    3.75 
G0011 06820082   68.21    8.25   63.59   12.75   72.82   12.75   63.70    3.75   72.72    3.75 
G0011 07720082   77.30    8.25   72.69   12.75   81.91   12.75   72.79    3.75   81.81    3.75 
G0011 08630082   86.39    8.25   81.78   12.75   91.01   12.75   81.88    3.75   90.90    3.75 
G0011 09540082   95.49    8.25   90.87   12.75  100.10   12.75   90.98    3.75  100.00    3.75 
G0011 10450082  104.58    8.25   99.97   12.75  109.20   12.75  100.07    3.75  109.09    3.75 
G0011 11360082  113.68    8.25  109.06   12.75  118.29   12.75  109.17    3.75  118.19    3.75 
G0011 12270082  122.77    8.25  118.16   12.75  127.38   12.75  118.26    3.75  127.28    3.75 
G0011 13180082  131.86    8.25  127.25   12.75  136.48   12.75  127.35    3.75  136.37    3.75 
G0011 14090082  140.96    8.25  136.34   12.75  145.57   12.75  136.45    3.75  145.47    3.75 
G0011 15000082  150.05    8.25  145.44   12.75  154.67   12.75  145.54    3.75  154.56    3.75 
G0011 15910082  159.15    8.25  154.53   12.75  163.76   12.75  154.64    3.75  163.66    3.75 
G0011 16820082  168.24    8.25  163.63   12.75  172.85   12.75  163.73    3.75  172.75    3.75 
G0011 17730082  177.34    8.25  172.72   12.75  181.95   12.75  172.83    3.75  181.84    3.75 
G0011 18640082  186.43    8.25  181.82   12.75  191.04   12.75  181.92    3.75  190.94    3.75 
G0011 19550082  195.52    8.25  190.91   12.75  200.14   12.75  191.01    3.75  200.03    3.75 
G0011 20460082  204.62    8.25  200.00   12.75  209.23   12.75  200.11    3.75  209.13    3.75 
G0011 21370082  213.71    8.25  209.10   12.75  218.33   12.75  209.20    3.75  218.22    3.75 
G0011 22280082  222.81    8.25  218.19   12.75  227.42   12.75  218.30    3.75  227.32    3.75 
G0011 23180082  231.90    8.25  227.29   12.75  236.51   12.75  227.39    3.75  236.41    3.75 
G0011 24090082  240.99    8.25  236.38   12.75  245.61   12.75  236.48    3.75  245.50    3.75 
G0011 25000082  250.09    8.25  245.47   12.75  254.70   12.75  245.58    3.75  254.60    3.75 
G0011 25910082  259.18    8.25  254.57   12.75  263.80   12.75  254.67    3.75  263.69    3.75 
G0011 26820082  268.28    8.25  263.66   12.75  272.89   12.75  263.77    3.75  272.79    3.75 
G0011 27730082  277.37    8.25  272.76   12.75  281.98   12.75  272.86    3.75  281.88    3.75 
G0011 28640082  286.46    8.25  281.85   12.75  291.08   12.75  281.95    3.75  290.97    3.75 
G0011 29550082  295.56    8.25  290.94   12.75  300.17   12.75  291.05    3.75  300.07    3.75 
G0011 30460082  304.65    8.25  300.04   12.75  309.27   12.75  300.14    3.75  309.16    3.75 
G0011 31370082  313.75    8.25  309.13   12.75  318.36   12.75  309.24    3.75  318.26    3.75 
G0011 32280082  322.84    8.25  318.23   12.75  327.45   12.75  318.33    3.75  327.35    3.75 
G0011 33190082  331.94    8.25  327.32   12.75  336.55   12.75  327.43    3.75  336.44    3.75 
G0011 34100082  341.03    8.25  336.42   12.75  345.64   12.75  336.52    3.75  345.54    3.75 
G0011 35010082  350.12    8.25  345.51   12.75  354.74   12.75  345.61    3.75  354.63    3.75 
G0011 00470172    4.71   17.25  359.87   21.75    9.56   21.75    0.10   12.75    9.33   12.75 
G0011 01410172   14.14   17.25    9.29   21.75   18.98   21.75    9.52   12.75   18.75   12.75 
G0011 02350172   23.56   17.25   18.71   21.75   28.40   21.75   18.95   12.75   28.17   12.75 
G0011 03290172   32.98   17.25   28.14   21.75   37.83   21.75   28.37   12.75   37.60   12.75 
G0011 04240172   42.41   17.25   37.56   21.75   47.25   21.75   37.79   12.75   47.02   12.75 
G0011 05180172   51.83   17.25   46.99   21.75   56.68   21.75   47.22   12.75   56.45   12.75 
G0011 06120172   61.26   17.25   56.41   21.75   66.10   21.75   56.64   12.75   65.87   12.75 
G0011 07060172   70.68   17.25   65.83   21.75   75.52   21.75   66.07   12.75   75.29   12.75 
G0011 08010172   80.10   17.25   75.26   21.75   84.95   21.75   75.49   12.75   84.72   12.75 
G0011 08950172   89.53   17.25   84.68   21.75   94.37   21.75   84.91   12.75   94.14   12.75 
G0011 09890172   98.95   17.25   94.11   21.75  103.80   21.75   94.34   12.75  103.56   12.75 
G0011 10830172  108.37   17.25  103.53   21.75  113.22   21.75  103.76   12.75  112.99   12.75 
G0011 11770172  117.80   17.25  112.95   21.75  122.64   21.75  113.18   12.75  122.41   12.75 
G0011 12720172  127.22   17.25  122.38   21.75  132.07   21.75  122.61   12.75  131.84   12.75 
G0011 13660172  136.65   17.25  131.80   21.75  141.49   21.75  132.03   12.75  141.26   12.75 
G0011 14600172  146.07   17.25  141.23   21.75  150.92   21.75  141.46   12.75  150.68   12.75 
G0011 15540172  155.49   17.25  150.65   21.75  160.34   21.75  150.88   12.75  160.11   12.75 
G0011 16490172  164.92   17.25  160.07   21.75  169.76   21.75  160.30   12.75  169.53   12.75 
G0011 17430172  174.34   17.25  169.50   21.75  179.19   21.75  169.73   12.75  178.96   12.75 
G0011 18370172  183.77   17.25  178.92   21.75  188.61   21.75  179.15   12.75  188.38   12.75 
G0011 19310172  193.19   17.25  188.34   21.75  198.03   21.75  188.58   12.75  197.80   12.75 
G0011 20260172  202.61   17.25  197.77   21.75  207.46   21.75  198.00   12.75  207.23   12.75 
G0011 21200172  212.04   17.25  207.19   21.75  216.88   21.75  207.42   12.75  216.65   12.75 
G0011 22140172  221.46   17.25  216.62   21.75  226.31   21.75  216.85   12.75  226.08   12.75 
G0011 23080172  230.89   17.25  226.04   21.75  235.73   21.75  226.27   12.75  235.50   12.75 
G0011 24030172  240.31   17.25  235.46   21.75  245.15   21.75  235.70   12.75  244.92   12.75 
G0011 24970172  249.73   17.25  244.89   21.75  254.58   21.75  245.12   12.75  254.35   12.75 
G0011 25910172  259.16   17.25  254.31   21.75  264.00   21.75  254.54   12.75  263.77   12.75 
G0011 26850172  268.58   17.25  263.74   21.75  273.43   21.75  263.97   12.75  273.19   12.75 
G0011 27800172  278.00   17.25  273.16   21.75  282.85   21.75  273.39   12.75  282.62   12.75 
G0011 28740172  287.43   17.25  282.58   21.75  292.27   21.75  282.81   12.75  292.04   12.75 
G0011 29680172  296.85   17.25  292.01   21.75  301.70   21.75  292.24   12.75  301.47   12.75 
G0011 30620172  306.28   17.25  301.43   21.75  311.12   21.75  301.66   12.75  310.89   12.75 
G0011 31570172  315.70   17.25  310.86   21.75  320.55   21.75  311.09   12.75  320.31   12.75 
G0011 32510172  325.12   17.25  320.28   21.75  329.97   21.75  320.51   12.75  329.74   12.75 
G0011 33450172  334.55   17.25  329.70   21.75  339.39   21.75  329.93   12.75  339.16   12.75 
G0011 34390172  343.97   17.25  339.13   21.75  348.82   21.75  339.36   12.75  348.59   12.75 
G0011 35330172  353.40   17.25  348.55   21.75  358.24   21.75  348.78   12.75  358.01   12.75 
G0011 00500262    5.02   26.25  359.78   30.75   10.25   30.75    0.17   21.75    9.86   21.75 
G0011 01500262   15.05   26.25    9.82   30.75   20.29   30.75   10.21   21.75   19.90   21.75 
G0011 02500262   25.09   26.25   19.85   30.75   30.32   30.75   20.24   21.75   29.93   21.75 
G0011 03510262   35.12   26.25   29.89   30.75   40.36   30.75   30.28   21.75   39.97   21.75 
G0011 04510262   45.16   26.25   39.92   30.75   50.39   30.75   40.31   21.75   50.00   21.75 
G0011 05510262   55.19   26.25   49.96   30.75   60.43   30.75   50.35   21.75   60.04   21.75 
G0011 06520262   65.23   26.25   59.99   30.75   70.46   30.75   60.38   21.75   70.07   21.75 
G0011 07520262   75.26   26.25   70.03   30.75   80.50   30.75   70.42   21.75   80.11   21.75 
G0011 08520262   85.30   26.25   80.06   30.75   90.53   30.75   80.45   21.75   90.14   21.75 
G0011 09530262   95.33   26.25   90.10   30.75  100.57   30.75   90.49   21.75  100.18   21.75 
G0011 10530262  105.37   26.25  100.13   30.75  110.60   30.75  100.52   21.75  110.21   21.75 
G0011 11540262  115.40   26.25  110.16   30.75  120.64   30.75  110.56   21.75  120.25   21.75 
G0011 12540262  125.44   26.25  120.20   30.75  130.67   30.75  120.59   21.75  130.28   21.75 
G0011 13540262  135.47   26.25  130.23   30.75  140.71   30.75  130.63   21.75  140.32   21.75 
G0011 14550262  145.51   26.25  140.27   30.75  150.74   30.75  140.66   21.75  150.35   21.75 
G0011 15550262  155.54   26.25  150.30   30.75  160.78   30.75  150.70   21.75  160.39   21.75 
G0011 16550262  165.58   26.25  160.34   30.75  170.81   30.75  160.73   21.75  170.42   21.75 
G0011 17560262  175.61   26.25  170.37   30.75  180.85   30.75  170.77   21.75  180.46   21.75 
G0011 18560262  185.65   26.25  180.41   30.75  190.88   30.75  180.80   21.75  190.49   21.75 
G0011 19560262  195.68   26.25  190.44   30.75  200.92   30.75  190.84   21.75  200.52   21.75 
G0011 20570262  205.71   26.25  200.48   30.75  210.95   30.75  200.87   21.75  210.56   21.75 
G0011 21570262  215.75   26.25  210.51   30.75  220.99   30.75  210.90   21.75  220.59   21.75 
G0011 22570262  225.78   26.25  220.55   30.75  231.02   30.75  220.94   21.75  230.63   21.75 
G0011 23580262  235.82   26.25  230.58   30.75  241.06   30.75  230.97   21.75  240.66   21.75 
G0011 24580262  245.85   26.25  240.62   30.75  251.09   30.75  241.01   21.75  250.70   21.75 
G0011 25580262  255.89   26.25  250.65   30.75  261.13   30.75  251.04   21.75  260.73   21.75 
G0011 26590262  265.92   26.25  260.69   30.75  271.16   30.75  261.08   21.75  270.77   21.75 
G0011 27590262  275.96   26.25  270.72   30.75  281.20   30.75  271.11   21.75  280.80   21.75 
G0011 28590262  285.99   26.25  280.76   30.75  291.23   30.75  281.15   21.75  290.84   21.75 
G0011 29600262  296.03   26.25  290.79   30.75  301.26   30.75  291.18   21.75  300.87   21.75 
G0011 30600262  306.06   26.25  300.83   30.75  311.30   30.75  301.22   21.75  310.91   21.75 
G0011 31600262  316.10   26.25  310.86   30.75  321.33   30.75  311.25   21.75  320.94   21.75 
G0011 32610262  326.13   26.25  320.90   30.75  331.37   30.75  321.29   21.75  330.98   21.75 
G0011 33610262  336.17   26.25  330.93   30.75  341.40   30.75  331.32   21.75  341.01   21.75 
G0011 34620262  346.20   26.25  340.97   30.75  351.44   30.75  341.36   21.75  351.05   21.75 
G0011 00550352    5.51   35.25  359.66   39.75   11.36   39.75    0.27   30.75   10.75   30.75 
G0011 01650352   16.53   35.25   10.68   39.75   22.38   39.75   11.29   30.75   21.77   30.75 
G0011 02750352   27.55   35.25   21.70   39.75   33.40   39.75   22.32   30.75   32.79   30.75 
G0011 03850352   38.57   35.25   32.72   39.75   44.43   39.75   33.34   30.75   43.81   30.75 
G0011 04950352   49.59   35.25   43.74   39.75   55.45   39.75   44.36   30.75   54.83   30.75 
G0011 06060352   60.61   35.25   54.76   39.75   66.47   39.75   55.38   30.75   65.85   30.75 
G0011 07160352   71.63   35.25   65.78   39.75   77.49   39.75   66.40   30.75   76.87   30.75 
G0011 08260352   82.66   35.25   76.80   39.75   88.51   39.75   77.42   30.75   87.89   30.75 
G0011 09360352   93.68   35.25   87.82   39.75   99.53   39.75   88.44   30.75   98.91   30.75 
G0011 10460352  104.70   35.25   98.84   39.75  110.55   39.75   99.46   30.75  109.93   30.75 
G0011 11570352  115.72   35.25  109.86   39.75  121.57   39.75  110.48   30.75  120.95   30.75 
G0011 12670352  126.74   35.25  120.89   39.75  132.59   39.75  121.50   30.75  131.97   30.75 
G0011 13770352  137.76   35.25  131.91   39.75  143.61   39.75  132.52   30.75  143.00   30.75 
G0011 14870352  148.78   35.25  142.93   39.75  154.63   39.75  143.54   30.75  154.02   30.75 
G0011 15980352  159.80   35.25  153.95   39.75  165.65   39.75  154.56   30.75  165.04   30.75 
G0011 17080352  170.82   35.25  164.97   39.75  176.67   39.75  165.59   30.75  176.06   30.75 
G0011 18180352  181.84   35.25  175.99   39.75  187.70   39.75  176.61   30.75  187.08   30.75 
G0011 19280352  192.86   35.25  187.01   39.75  198.72   39.75  187.63   30.75  198.10   30.75 
G0011 20380352  203.88   35.25  198.03   39.75  209.74   39.75  198.65   30.75  209.12   30.75 
G0011 21490352  214.90   35.25  209.05   39.75  220.76   39.75  209.67   30.75  220.14   30.75 
G0011 22590352  225.93   35.25  220.07   39.75  231.78   39.75  220.69   30.75  231.16   30.75 
G0011 23690352  236.95   35.25  231.09   39.75  242.80   39.75  231.71   30.75  242.18   30.75 
G0011 24790352  247.97   35.25  242.11   39.75  253.82   39.75  242.73   30.75  253.20   30.75 
G0011 25890352  258.99   35.25  253.13   39.75  264.84   39.75  253.75   30.75  264.22   30.75 
G0011 27000352  270.01   35.25  264.16   39.75  275.86   39.75  264.77   30.75  275.24   30.75 
G0011 28100352  281.03   35.25  275.18   39.75  286.88   39.75  275.79   30.75  286.27   30.75 
G0011 29200352  292.05   35.25  286.20   39.75  297.90   39.75  286.81   30.75  297.29   30.75 
G0011 30300352  303.07   35.25  297.22   39.75  308.92   39.75  297.83   30.75  308.31   30.75 
G0011 31400352  314.09   35.25  308.24   39.75  319.94   39.75  308.86   30.75  319.33   30.75 
G0011 32510352  325.11   35.25  319.26   39.75  330.96   39.75  319.88   30.75  330.35   30.75 
G0011 33610352  336.13   35.25  330.28   39.75  341.99   39.75  330.90   30.75  341.37   30.75 
G0011 34710352  347.15   35.25  341.30   39.75  353.01   39.75  341.92   30.75  352.39   30.75 
G0011 00620442    6.28   44.25  359.46   48.75   13.11   48.75    0.43   39.75   12.14   39.75 
G0011 01880442   18.85   44.25   12.02   48.75   25.67   48.75   12.99   39.75   24.70   39.75 
G0011 03140442   31.41   44.25   24.59   48.75   38.24   48.75   25.56   39.75   37.26   39.75 
G0011 04390442   43.98   44.25   37.15   48.75   50.80   48.75   38.12   39.75   49.83   39.75 
G0011 05650442   56.54   44.25   49.72   48.75   63.37   48.75   50.69   39.75   62.39   39.75 
G0011 06910442   69.10   44.25   62.28   48.75   75.93   48.75   63.25   39.75   74.96   39.75 
G0011 08160442   81.67   44.25   74.84   48.75   88.49   48.75   75.82   39.75   87.52   39.75 
G0011 09420442   94.23   44.25   87.41   48.75  101.06   48.75   88.38   39.75  100.09   39.75 
G0011 10670442  106.80   44.25   99.97   48.75  113.62   48.75  100.95   39.75  112.65   39.75 
G0011 11930442  119.36   44.25  112.54   48.75  126.19   48.75  113.51   39.75  125.22   39.75 
G0011 13190442  131.93   44.25  125.10   48.75  138.75   48.75  126.07   39.75  137.78   39.75 
G0011 14440442  144.49   44.25  137.67   48.75  151.32   48.75  138.64   39.75  150.35   39.75 
G0011 15700442  157.06   44.25  150.23   48.75  163.88   48.75  151.20   39.75  162.91   39.75 
G0011 16960442  169.62   44.25  162.80   48.75  176.45   48.75  163.77   39.75  175.47   39.75 
G0011 18210442  182.19   44.25  175.36   48.75  189.01   48.75  176.33   39.75  188.04   39.75 
G0011 19470442  194.75   44.25  187.93   48.75  201.58   48.75  188.90   39.75  200.60   39.75 
G0011 20730442  207.31   44.25  200.49   48.75  214.14   48.75  201.46   39.75  213.17   39.75 
G0011 21980442  219.88   44.25  213.05   48.75  226.70   48.75  214.03   39.75  225.73   39.75 
G0011 23240442  232.44   44.25  225.62   48.75  239.27   48.75  226.59   39.75  238.30   39.75 
G0011 24500442  245.01   44.25  238.18   48.75  251.83   48.75  239.16   39.75  250.86   39.75 
G0011 25750442  257.57   44.25  250.75   48.75  264.40   48.75  251.72   39.75  263.43   39.75 
G0011 27010442  270.14   44.25  263.31   48.75  276.96   48.75  264.28   39.75  275.99   39.75 
G0011 28270442  282.70   44.25  275.88   48.75  289.53   48.75  276.85   39.75  288.55   39.75 
G0011 29520442  295.27   44.25  288.44   48.75  302.09   48.75  289.41   39.75  301.12   39.75 
G0011 30780442  307.83   44.25  301.01   48.75  314.66   48.75  301.98   39.75  313.68   39.75 
G0011 32030442  320.40   44.25  313.57   48.75  327.22   48.75  314.54   39.75  326.25   39.75 
G0011 33290442  332.96   44.25  326.14   48.75  339.79   48.75  327.11   39.75  338.81   39.75 
G0011 34550442  345.52   44.25  338.70   48.75  352.35   48.75  339.67   39.75  351.38   39.75 
G0011 00750532    7.52   53.25  359.09   57.75   15.95   57.75    0.70   48.75   14.35   48.75 
G0011 02250532   22.56   53.25   14.13   57.75   31.00   57.75   15.74   48.75   29.39   48.75 
G0011 03760532   37.61   53.25   29.17   57.75   46.04   57.75   30.78   48.75   44.43   48.75 
G0011 05260532   52.65   53.25   44.21   57.75   61.08   57.75   45.82   48.75   59.47   48.75 
G0011 06760532   67.69   53.25   59.26   57.75   76.12   57.75   60.86   48.75   74.51   48.75 
G0011 08270532   82.73   53.25   74.30   57.75   91.16   57.75   75.91   48.75   89.56   48.75 
G0011 09770532   97.77   53.25   89.34   57.75  106.21   57.75   90.95   48.75  104.60   48.75 
G0011 11280532  112.82   53.25  104.38   57.75  121.25   57.75  105.99   48.75  119.64   48.75 
G0011 12780532  127.86   53.25  119.42   57.75  136.29   57.75  121.03   48.75  134.68   48.75 
G0011 14280532  142.90   53.25  134.47   57.75  151.33   57.75  136.07   48.75  149.72   48.75 
G0011 15790532  157.94   53.25  149.51   57.75  166.37   57.75  151.12   48.75  164.77   48.75 
G0011 17290532  172.98   53.25  164.55   57.75  181.42   57.75  166.16   48.75  179.81   48.75 
G0011 18800532  188.03   53.25  179.59   57.75  196.46   57.75  181.20   48.75  194.85   48.75 
G0011 20300532  203.07   53.25  194.63   57.75  211.50   57.75  196.24   48.75  209.89   48.75 
G0011 21810532  218.11   53.25  209.68   57.75  226.54   57.75  211.28   48.75  224.93   48.75 
G0011 23310532  233.15   53.25  224.72   57.75  241.58   57.75  226.33   48.75  239.98   48.75 
G0011 24810532  248.19   53.25  239.76   57.75  256.63   57.75  241.37   48.75  255.02   48.75 
G0011 26320532  263.24   53.25  254.80   57.75  271.67   57.75  256.41   48.75  270.06   48.75 
G0011 27820532  278.28   53.25  269.84   57.75  286.71   57.75  271.45   48.75  285.10   48.75 
G0011 29330532  293.32   53.25  284.89   57.75  301.75   57.75  286.49   48.75  300.14   48.75 
G0011 30830532  308.36   53.25  299.93   57.75  316.79   57.75  301.54   48.75  315.19   48.75 
G0011 32340532  323.40   53.25  314.97   57.75  331.84   57.75  316.58   48.75  330.23   48.75 
G0011 33840532  338.45   53.25  330.01   57.75  346.88   57.75  331.62   48.75  345.27   48.75 
G0011 00960622    9.66   62.25  358.26   66.75   21.06   66.75    1.23   57.75   18.10   57.75 
G0011 02890622   28.99   62.25   17.59   66.75   40.39   66.75   20.56   57.75   37.43   57.75 
G0011 04830622   48.32   62.25   36.92   66.75   59.72   66.75   39.89   57.75   56.76   57.75 
G0011 06760622   67.65   62.25   56.25   66.75   79.05   66.75   59.22   57.75   76.09   57.75 
G0011 08690622   86.98   62.25   75.58   66.75   98.38   66.75   78.55   57.75   95.41   57.75 
G0011 10630622  106.31   62.25   94.91   66.75  117.71   66.75   97.88   57.75  114.74   57.75 
G0011 12560622  125.64   62.25  114.24   66.75  137.04   66.75  117.21   57.75  134.07   57.75 
G0011 14490622  144.97   62.25  133.57   66.75  156.37   66.75  136.54   57.75  153.40   57.75 
G0011 16420622  164.30   62.25  152.90   66.75  175.70   66.75  155.87   57.75  172.73   57.75 
G0011 18360622  183.63   62.25  172.23   66.75  195.03   66.75  175.20   57.75  192.06   57.75 
G0011 20290622  202.96   62.25  191.56   66.75  214.36   66.75  194.52   57.75  211.39   57.75 
G0011 22220622  222.29   62.25  210.89   66.75  233.69   66.75  213.85   57.75  230.72   57.75 
G0011 24160622  241.62   62.25  230.22   66.75  253.02   66.75  233.18   57.75  250.05   57.75 
G0011 26090622  260.95   62.25  249.55   66.75  272.35   66.75  252.51   57.75  269.38   57.75 
G0011 28020622  280.27   62.25  268.87   66.75  291.67   66.75  271.84   57.75  288.71   57.75 
G0011 29960622  299.60   62.25  288.20   66.75  311.00   66.75  291.17   57.75  308.04   57.75 
G0011 31890622  318.93   62.25  307.53   66.75  330.33   66.75  310.50   57.75  327.37   57.75 
G0011 33820622  338.26   62.25  326.86   66.75  349.66   66.75  329.83   57.75  346.70   57.75 
G0011 01390712   14.00   71.25  355.72   75.75   32.28   75.75    2.60   66.75   25.40   66.75 
G0011 04190712   42.00   71.25   23.72   75.75   60.28   75.75   30.60   66.75   53.40   66.75 
G0011 06990712   70.00   71.25   51.72   75.75   88.28   75.75   58.60   66.75   81.40   66.75 
G0011 09790712   98.00   71.25   79.72   75.75  116.28   75.75   86.60   66.75  109.40   66.75 
G0011 12590712  126.00   71.25  107.71   75.75  144.28   75.75  114.60   66.75  137.40   66.75 
G0011 15390712  153.99   71.25  135.71   75.75  172.28   75.75  142.59   66.75  165.39   66.75 
G0011 18190712  181.99   71.25  163.71   75.75  200.28   75.75  170.59   66.75  193.39   66.75 
G0011 20990712  209.99   71.25  191.71   75.75  228.27   75.75  198.59   66.75  221.39   66.75 
G0011 23790712  237.99   71.25  219.71   75.75  256.27   75.75  226.59   66.75  249.39   66.75 
G0011 26590712  265.99   71.25  247.71   75.75  284.27   75.75  254.59   66.75  277.39   66.75 
G0011 29390712  293.99   71.25  275.71   75.75  312.27   75.75  282.59   66.75  305.39   66.75 
G0011 32190712  321.99   71.25  303.71   75.75  340.27   75.75  310.59   66.75  333.39   66.75 
G0011 02650802   26.57   80.25  337.39   84.75   75.75   84.75    8.29   75.75   44.85   75.75 
G0011 07970802   79.72   80.25   30.54   84.75  128.90   84.75   61.44   75.75   98.00   75.75 
G0011 13280802  132.86   80.25   83.68   84.75  182.04   84.75  114.58   75.75  151.14   75.75 
G0011 18600802  186.01   80.25  136.83   84.75  235.19   84.75  167.72   75.75  204.29   75.75 
G0011 23910802  239.15   80.25  189.97   84.75  288.33   84.75  220.87   75.75  257.43   75.75 
G0011 29220802  292.29   80.25  243.12   84.75  341.47   84.75  274.01   75.75  310.58   75.75 
